286

(11000100 15 05151 101010 109. 010000018111510,010110110151170·
(11000010 00101 q. 1101011110, 0511111110 glia 267. ’

1100110 88. 89. 0100001110, 11011οᾱ1101 general
Giacomo 0011111111 q. Simon, sindico di 0111511111 1151115111 243.

11 1151115115 01 Albania 113. 114. 010110 1111000010 di Zara, 00111151-
. (11000010 100051111, 11010111010010- 11110 di 201101100 255.

1510 11 1151115111 01 Albania 249. 0101108510101511, 001111511511010110
(11010100 Ρ500151100, castellan in 80- 11111110 101010 11 Dalmatia 249.

50110096. 252. 253. 255. 256. 257. 258.
(1100001οΡ10511,00110111515164. 959. 261.Ι 263. 264. 265.

267. 01101101. 115110 (Μ51110110). .
(11010010 1101101, 11011011101101151- 01101000, 0101010110, (1101015110, 1.

11515 101015 23. (1101011110.

(1100 (611051) 85111015 051110, 011100 (110110 (0115110 11), 101 longi 15

0501115110 di spalato 104. 107123, Nona 143.

di 81501100 239. (1101111 209.
(1100115100000011510110110,110· Giulio 110100, 0110115110 di 151111 11

101110111 0511510 45. Zara 27.

(111550 (00115), 101’ 1110110115 229. (110110 (110111, 0501115110 1115111 in
(11001001. 010005. ’ 11511 126.
(11001010, 0001101101111110511111010- (1101101111511015, 05111511011 111-

1010 5111510 142. 1111 11 8151101510 189.

(110001 15115 71110, 0501115110 di Sogna 0100000 226.

271. 010100071511011111, 0001015110 11·
01010001 (0.), 00110 presso 81101101 0010 94. 241.

125. 259. 6110011010οο, 0101100101010 110.
01000001 (capella di 0.) 1181151510 220. (110511010οο, v. (1101511185111015, v.
0100000117. papa 223. Μ5111, 1. Paulus (Polo). ·
(11000001 Antonio 1110001101 11 Sibe· Giustinopolitano 225.

nico 239. · · (1110500111, villa 011 0101 11 051-
6110100οἱ 85111015 calbo, 001110 0 05- 1510 48.

1115110 1180151510 197. 198. 203. (111010, 11115 01010111 0511110 48.
(11000001 05111015 (1111111510, 0111101 (1110101111, 11115 01 0101 11 0511510 48.

11 1111115115 01 Albania 30. 41. 45. (101000, 10051115 01111 10015 11 1100115

48. 49. 58. 78. 113. 157. 274.

01000001 85111015 0101111 q. 1110011 (1001000, 1. 00115110.
11011011101 general di cavalli in (1011110110, porta della 01111 11 051-
051115115 189. 1510 46.
(110100018111111101 101010 267. (101111 223.
01010001 00110 di 0111115 224. 010110, 1. 4010111.
(11000001 1111110 101010 113. 0101110101, 11115 su quel 11 80101100
(11000001 15 11010 051, 1101011101 243.

general in Dalmazia 01 Albania 112. (1101100100, 1115101100, 1. 1111010 (An-
010000011111111,1.1051100. gelus), 1151110, v. 15005115, 1.
(11000001 Μ1011010 5155015101 101010 21151 85111015.

11Αο01115 157. Graecia 171. 173. 179.

(11000001 11 Ravenna, legato pontifi· Graecorum imperium 174.
’ 010 0 5101100010 1181111510 228. Graecorum sapientia 168.
(1100000100οἰ, consigliere 1010111411. (1101005 178.

 

