983

’.164 167. 194. 223. 224. 253 Dellimdb 10800 150151. 154.
0100111100,3080888101(111811181080- 0011801108. 1181188118.

8010 m 0811810 10001110 v. Ρ10110.
08001001· v. 1088808. Darsa, samglia' 8 zm 53.
0000011010810888880001812888145. 001·100,8.118180,8.118111818,8. 1081
010801000ιί01 8111011101. 188311, 8100015.
Cureti, oggi 0808811 223. 010110, 0081 desto 88 0011100 (1011 81·-
0001001 8. Το18880. 0111810 808010 141.
01188010, 0088818, 00811818, 1108101811. 01000, 8111110810, v. Camillo, v. Pnu-

23. 25. 28. 33. 36. 66. 73. 114. 008008118800.

121. 135. 182. 250. 259. Dies, 8. 8810181088

0100101101,ωο18000 (11808810 239. Diffi-ici, smiglia nobile (11 8508100.

03100110111,10((1οΨ0οι01881170. “ 01111100,8. 8888001100.

0111111118( .,8) 11881108 18 zm 83

Dacia, provincia 8018888 173. 251.

Dalmatia 1. 3. 4. 5. 6. ll. 15.16. 0118111101868, capo di (8881618086
17. 21. 22. 23. 24. 26. 28. 29. 30. 1880 25. 47. 69. “
31. 32. 33. 31. 01. 30. 31. 30. 30. 8111011 mi, apo di 011111 ιιι
40. 41. 49. 52. 53. 54. 65. 66. 72. 81508100 27. 96.

73. 78. 85. 87. 88. 89. 90. 94. 97. 01011181 11118111 11880811, napo (11 08·
105. 106.107.109.110.111.112. 88111 18 81508100 96.

113. 114.115.117.120.122.123. 010111νί 88811 (888111), capo (11 cmlii
124126.127.]28.130.131.135. 18 88118881 24, 18 0811880 121.
136. 137. 146. 147. 1418151155. 0100100, 011111 (1818811818 Albanis 223.
156. 157.166.167. 1731811196. 010010κί0110, imperatore 8081880 12.
107. 200. 201. 203. 204. 208. 222. 123. 202. 203. 209. 221. 222. 223.
225. 227. 228. 229. 239. 240. 241. 224. 229. 230. 259.

242. 243. 247. 249. 250. 252. 253. Dimisit), tiranno di siracusa 212.
259. 260. 261. 263. 271. 01000018 8088188 97. 98.

0011001100, 00118010 2. 3. 4. 31. 34. 0010001000 (0010881818), 08810110
74. 78. 90. 110. 167.. 227. 880’ 18018111 veglia 60. 132. 268.

001010111ιο fuste 109. 269.
Damion 11800000 143. 001ιί0110, 00810110 0011 isola di Ve-
0001100 Ρο81808101110, capo d' 118000· glia 60. 132. 269.

ehi 143. 0010010, villa 110 0801 (11 0811080 48.
00001010 v. 110100. 00100 (10 sotto, (10 sopra, 8111088
Daniele Barbarigo bailo 808010 060· 0001 (11 20ιο 145.

810811800011 160. 00100, 8. 10110, 8. 1101108100.
001101(οι11018101),608108,169.175.00100008110101080.
Dardania, regione nella 1101118010 1101- 00000000 (ordine di 8.) 183.

canica 173. 0001011090 (10 8810,0081081011110 18
Darius, 10 (10 Ρο1010111 170. spalato 189
00011110, villa 80 0801 (11 81508100 245. 0001011100011), 8. Andron.
0001110(0081(10) 10 226. 0010011100 0011108181, 0080110800 in
Delfirw, Delphinus, Dolfino, Dolphin, 0011οι0 121.

8. Faustin, v. 1101011810 (0101011180, 0001011100 Farri, 810810810ιο 18 7080

Hieronymus). 110 197.

 

