295

Ramaaa, Romanus 72. 189. 202. 8011000001111100, sclavina, 001010 73.
Ι10010110101111101011110 168. 8011100001 militi 255. 256.
Romanas imperator 176. 8011000110 62. 108. 157. 167.
1101110001 rex 176. scateat, 0011111117ος10, (10111 1101010
Romulus 168. Frangipani 132.

Romania 225. Saytta'a 169.

11011000, 1010110101 10 0011010 120. 8011010110, Scipiones 168. 211.
Raaaaa, v. Lanardo. Scato, Scotto, governatar (111111111οἰ11
Rosia (11000101) 76. Zara 255. 264.

110011, 1. Giovanni. 801100, 8011000 (11011011ος0) 21. 130.
110010111200110. 8011000101, famiglia 1111001110 274.
11001011, basaa 111100 183. 185. 186. 8011100 170.

243. Satara, cita in Albania 5. 8. 7. 116.
80110 (11110011 0011) 74. saraa, v. 1110010, v. 10111.
8011000000, 1101100101011011010 Ra· Sebastiano Querini 1011010 148.

“ gunea 73. 121. 8050111000111110011,110110011ᾱί001-

ἵ 8000110, v. Zagora. cigno 117.

801 (del), v. Andraa. 8011011100 v. 81501100.
80110 (de), v. Domenago. 80010110, 10110110 111 0113110110 270.
80101000, 0001 detta una galea 1011010 801110, 01110 101 11101010 010110 21.
dal auo 0011100011110 142. 22. 23. 36. 62. 63. 109. 110. 130.
Salona 12. 26. 28. 34. 39. 91. 104. 132138140142. 143. 144. 145.
105123143. 183. 184. 185. 187. 149. 253. 270. 271. 272. ·
202. 221. 223. 228. 229. 242. 259. Sequano, (11801110, 138. 141. 144.
80101110, 001001110101101101010011010- 800000, v. Βο10110.
publica 209. 80100, 10010 dalmata 28.
8010011000 223. 230. 8011000,11101010101110110 180.
8010010010, v. Fabritio. 81109110, 01110111Βο111110180101010)

’ 1301101110 223. 94. 241.

80000010,1.11011010. 801010 6. 47. 74. 111133170.
8000001110,101011001011010 141. 171. 172. 179. 180.

80110110, 1141011111, v. Zuan Agostin. 800010, 000010 romana 200, 111111010-
801000111 72. 170., 1. Mori. 1010 romano 209.

Sarmatia 169.Ι 181. Severo, 11100110 8010111000 223.
Sarmata 176. 8101010, 81011οΡ01101101110, 0011110011-
80000, 0101011000 11001111 81101010 28. dante dall' 00010110 1011010 111 Dal-

123. 185. mazia 146. 149. 153. 250. 251.
8000,1011101101100100110 108. 255. 256. 258. 265. 266. 268.
800010, provincia dall‘ 1111100011011- 800111011, v. 8111011.

11011010 189. ’ 8111011100, 8011011100, 8111111100,8111111100111
801011010111100101110. 1. 1. 14. 15. 10. 10 11. aa. 34.
8011110, flumen 01001100 168. 169. 38. 43. 53. 81. 91. 92. 93. 94.
8001500110, villa 011 quel di Zara 145. 98. 99. 125. 126. 127. 135. 136.
Scardona, 0111001111ωο (Κ1110)1111101- 142. 145. 147. 151. 154. 166.

mazia 15. 35. 92. 98. 125. 126. 198. 225. 227. 238. 239. 240.

239. 240. 259. 241. 242. 244. 245. 250. 251.
8011110010, 10010 dalmata 28. 257. 258.

 

