296

8150110000, 8011000000 14. 16. 92. 94. Spina, 10110110 10 Albania 8. 28. 68.
98. 126. 117. 118. 135. 253.

Sicilia 229. „ 8100110111, famiglia di 1100100 274.

8101000010, 101011 Ungheria 0110- 8100110, 01110 00 0001 (11 80000042.
mania 225. 227. 229. 71. 75.

Silvia da Correggio (001000), 000110- 810100111120010, capo di militi in
010 (11 1011111 10 Zara 100. 128. Polissano 160.

Simon 8011οηὶ01110, 0111011100 11 2010 8101101010, castello di 00010 41101000
52. 13. 124. 189. 250. 255. 259.

Simon Conlatini 100010 113. Stefana (0111000110.) 10 8001010 229.Ι

8110011100, v. 2010οηὶ00. 81010110, 10 d' Ungheria 229.

8100000000, 11010110 (1190010010000 81010110101011οΒ000100010110 Ra-
10100 243. 0010 224.

810100, 0001100011 militi 10 2010 154. Stefana, 1000 10110 hrccg (00000-

81000, 1011000000] di Raguaa 71. 010) 13.

810010 168. 8101000, 1100110010οΙ1 di 8001010 225.

81111000 010101) 58. Stefana, 01010 0 0000 (10 1101001101

800110, 0001011000110 0101101111011011 01010040111011 10 Albania 7. 117.
Γ11011 13. 28. 34. 39. 125. 8101000 11110ος10001 (Francapana)‚

Soaac (10), v. 200000. signor di Buccari 000. 62. 109.

Socrates 168. 270.

Solama 178. Stefana Luschoevich di 100100 274.

80100 168. Stefana Martinosacvio 223.

80110, 10010 00001100οη10 0 8001010 Stefana Thiapolo, capitanii> general
12. 28. 106. 124. 188. da 10010 11. 25. 33. 52.

solimanus (Solimano) imperator ’101- Stcfaaa 1010000, 10 1011οΒοο0100 224.
corum 148. 167. 174. 175. 176. 810110, 1. 2000 1110000000.

Salanus (Solimo) imperator ’1010010ιο Stephanus, filius Ludovici regis Hun-
174. gariac 176.

8010000. ambasciatam 100010 0 Soa· 8110001010110011011 00110000 143.
010011000011 69. 81100010, 1. Georgia.

80110(81110) 58. 811110 167.

800010 111. 800100, villa 00 qual di 0011010 48.

8001010, 80010110, 80010110, Spalatum 8101100,1111000000111 0011010 48.
12. 13. 25. 26. 28 33. 34. 39. 8110110111 (0000110 di), 010000 0011010 1

64. 65. 89. 94 104. 105. 106. 10. 46.

107.122.123.124.135.143160. 8110110111811011111011, 0111010100010 l

161162166182183.184188. 00010110 21. 24. 26. 34. 35. 92.

189. 191198. 200. 201. 203. 204. 98. 125. 126. 239. 240. 259.

207. 208. 219. 223. 224. 226. 228. 8111000100 176. ,

229. 230. 234. 235. 237. 239. 240. 8111100, 1. Zarai.

244. 250. 257. 259. Sucria, 00011010 00110 Tarchia 42.
8001011100 12. 184. 186186. 204. Sallass, arx Hungariae 176.

205. 208. 223. 224. 226. 229. 8011000,1.1)00100100, 1111010001,

234. 237. v. Zuan.
800111, 000011 10 Albania 42. Sacili (800111), 1111101111, v. 11100111.
8011011011, 11110 au quel di 0011010 48. 801010 10 0010100, 0001101110 11011-
8011101 grad, castello 00 qual 11110- liti in 2010 155.

guia 72. Syria 173.

 

