los

dol 5151115115 membro 1111555 1 51111555. Vi sono 515111 1115111, 515
5511515 15155511515155515551 15 limitationi, 51515555515115 555115-
bilo 5511111151115 5299 55111 1 5155511 8, delli qual 151511511511515
51111151111111115511111511115ἵέ11
1 1
LXV 551 115511 545, 51 151 LXVI per esser 5511511 11 51551 551 115511
500. Ε1 11 15115 1515 1511 animoli grossi 5111111111151155151515115
1564 551 ducati 70, 51 151 LXV 551151555515151151515115511515
51115 15115 551 115511 XXIII, 51151151151515111551115511 16.
ll qual 151515 del 15115115 1511115111 11 cavalli 51511151151555151111-
nuti 51 manda 511 offitio di 1155111151 51515111511 sopra 15 5511515, 11-
55115115 11 15115 11 cavalli 115511 150, quali sono per il 5515115 151
medico 15 quello 51115 iuxta l' 511115 11 155115 55151115 551 1155-
1515.

1115115 5551511115 551111111511511 suoi 15111; 5’ 11551151515 1151111
in 115 5111, videlieet quello 1511 15515 15 Soltolu 1511151515 55115 il
mio 1551115115 1 5115 1566 5511115 4945 511 5115. Della 115 111511-
bsrato l' 5115 1566 551 1115 890 51 5115; 11 1115111 11 deliberato
1 5115 1565 5511115401 51 5115. Della 15515, 55555115, poscaris 51
15515 11 1511151515 15115 1565 551 5115 1155511115 3210, 51 (151
LXVI 551 1115 3450; 15155155515111511151515 1 5115 1565 551 5111
115 551 1115 XXVIII 511 5115; 15115551511511 1511551515 551 anni 115
1 5115 1565 551 1115 65 511 5115; 151 5511515115 11 1511551515 15115
1564 551 1115 990, 151 LXV 551 1115 815, 51 151 LXVI 551 1115 1000;
51 il a(lllsrlio 151151511511511 1511551515 1 5115 1566 551 5111 X 551 1115
900 ’5115

(151 quanta 1111551115 ho 15115 1515 15 55555 1 115 51 51115 55555,
11515151 111151555, 51 155115 55151115 1515115 15151, 55115 551111-
51151. ’

1151115 15115 5151 51115 11 5515 151511151511151583,15551115115115
51551551511111151111515 23243 151 borgo 15 1511151 156, 1111115 522.
Ds bondo 15 15115 11 5515 151111515115511115511511115 1515111
numero 75, inutile numero 269. 1155515115 151 reverendissimo 5151155-
5515 15 15111 numero 65, inutili 80. 1155515115 (1511515 anime 15 15111
numero 41 51 inutili numero 125. 1151151 11 5 115551 15515 15115 Β15
551 11511115, 1 51115 111115 5 15115 51111111151 11 1151, 551551111111-

· 111111 15 55115 151515115; 115515 homeri 1515111511 numero 47, 111-

1111 numero 108. 11511 15515 15115 Solis, 15111 11 quella spoliabile
5511111115 15115 5111515 11 1111 5151515,1511551515115515 5151115
11115; anime do 1511151 11 1511515515 149 5111111151111515 465. Summo
11115 1 111115 151511111515 5111551 territorio numero 1133 51 inutile
4078. 11515115151115511511115115 sl mio 55111115 lassato 55551151-
tomento 1511115 15 vini, biove 51 51115 111115115.

1111555 1511115555 11515115 do quella 5111511 85515155511115115
XVIII, 151 qual 11 5 51 5515115 m. Piero Mussuro 551 111515 11 555151-
1515, qual giudico 11 prima instantis 15 cause 511111, 15 511 appellationi
1515515 51 regimento 11 1551515ς 511115111 oriminal 11 511 51115151 11

sargus, 551 11 1151551115 obligo 15 appellatione„

 

