128

ricca, se 61 tempo 16116 guerre non fusse 61616 66116 volte 6666666616.
Quella 16661616 66 6616111 IX 1616, 161 1410 61666616 6616616 16116
66666116 666166, 616 16 666666 16 ladislao 66 d' 0666616666 66616
61116 166611. 116166 66666 1330, 61661616 sopra 666 1666661116666
16666, hagnete del 6666161661611, 616 1661 d' 666616 166616 666-
6666116 666111166666, 616 16661 666611 666 66 6661666 66666166. 0616
(16 666116 66616 66 6661 1166, 616 616 66661 16616. 666616 6661 mediocre
111166 d' une 61116 6661616 66666 61 giudice sufficiente. Da tramontana
he 11 66616 capacissimo 666 6661 grande 666616, 61666616 661616 166616
66666 1666616666 6661 esser comhettuta3 6660 16 116666616 11 6661666,
66116 6661616 66116111 66616616 66666 fin 1666616 1166616 milledu-
cati, 166616 6 61611616 16 66111 66 ’1 fabricare di 1661 161166611 66111
cantoni di 66616 Marcella 61 16116 6111616116, quella parto 6166616661-
6666. 0616 66666 616 6666 6661666 616 quasi fomite, 61 6661 666 66666
66 66616 6666116161 66666116, 61 6166616 11 166611 conlo 66661616,
serapem 11 6661166166 benefici-r, 66 666 611666666 11 161111661161-
16611, 1116 6661611166 16116 qual’ 66666 16 serenici 666166 116 166 et·
1661666 666 6661 1111666116; perche 16116616 616, 61 66166 61166666
666116 cirta 1661166166, 6116616 611, 61616 66616616 non 6111666611
25 66666166666 166 66611661166166 1111666, 61 16 611666 66166666 66666
161616, 66661 6616616 6666666616 666116666 6661 6166116 66 666 po·
61166166 66616. 01166 616 661 16666 dell' 661616 666 XV miglie 66-
666666 666 66 611666666 66666. Ν6116 66616 66666 6666616611 66616116
6666116, 11 6661666 6661 diffenderc 1’ 1616616 161 66616, 666616 666 16
6616116616 66 16666, 1666 66116616, 66661661666616611616666 6661616
1116666, 616616616 1616611666, 61 6666 611 1166666. A 16666 66616-
116 6666 161 66666611 666 406661616666616, 611116616661611661,
616 16 1666616, 61616 16666 in tempo 66 mendeno, 6666666 6111
166 666116, 616 6 11 161116 1666. 0616666161666, 61616 66666116 66
stra 6 666616 66661666661666616111616116 66666 6661661666 66 6616
66 ’l 6616616 11 166611 30616666, 61 666616 1666 666166116616666616
616 66611 6661 6 Novegredi , 61 6 666616 6616 661661666 666111166·
6161 11 maggior 6166616 61 11611 riputatione di questo illustrissimo 1
61616. Nolle 61111 s' 611666666 66166 8100, 16 16111 1600. 11666616 6 ³
divotissimo 1611666666116666166; ma tra 6666 6111 nubeli 6666 di quelle
1616111116 616111 antichi, che 16111666 11666616 6661611616 Delmatia. 1
16 36 61116 deli' isole 66166 6400, 1616111666 1300. Nel 6661616, 616 i
circonda 80 616116 61616666 20, 6666 61116 117, 666616111616, 16116
66611 61 raccoglie formento peretto 6661 61 6166 6 sufficientia per 16116 i
l’ 6666. 16 esse s’ 611666666 66166 imilla, 16 fatti 1400. Lasciano 16 i
maggior parte 16 terreni incoltivati, 666616 611661666 6 666666 6616611, h
16 qualine 666666 66661166166 utile. A 16 custodiadi 666116 61116661-
16666 6666666166 166166 Zuan Battista 16 hona 6661661140, 6111 p
6166666 Silvio da Gorezo con 20, li quali non 1661666 6 6666166 66 p
circuito de 6666166 616116 616616 616661666616 666 1166666616 mi· r
nor numero de 150, 16 spese de quali 66 661616 evanuere, cassando ¹
parte 16116 89 66616 16 guazzo, che sono 616 616666, 6166661611
1666616666 61661 66616116. Questi sono vecchi et 1666616611, 61 666116,
6166661 pere di molta consideratione, 6, 616 16 guardia della piuzze r

 

