298

Turrino tyrannides 179. 7011111111ῑί1, 516601001110 1101111111-
Turoo (signor) 3. 7. 10. 14.16.38. 01111111 Vonozia 108.
42. 43. 46. 47. 54. 57. 62. 64. 170101111111110, imperatore romano 209.
73. 75. 76. 90. 98. 105. 100. 110. Valentinus 'Phoreok 174.
117120146. 147. 155. 157. 158. 17011111, v. Ottaviano. ·
183.184.185.191. 193. 196. 240. 1711501011, 10111 sull’ isola 111 [rosina
Turro, Turohosoo, Τ11101,7’1110101111. 278. 275.
3. 4. 7. 8. 10. 11. 13. 14. 15. 1711111111, console, 0110101010 11011110·
16. 18. 20 21. 22. 26. 28. 31. mana republica 208. ·
32. 33. 34. 35. 36. 38. 40. 42. 7011109111, 01110110 ru quel di 81110-
43. 46. 49. 50. 52. 54. 62. 65. nico 27. 28. 245.
67. 68. 77. 87. 89. 91. 96. 97. Voylia, Voggia‚ Vegla 2. 22. 27.
98. 101. 102104. 1051011108. 28. 36. 41. 45. 58. 61. 62. 63.
109.110.114.115. 116. 119. 120. 88. 109. 131. 136137. 138. 139.
1231211125. 126130131. 133 140. 153. 250 259. 267. 269.
142.143.144.150.151.154155. 270. 271. 272.
157. 158159. 165. 167. 168. 169. 1719911010,7018100110701111110131.
170.171.172. 173. 1741711177. 136. 137. 139.
111111100101. 1011111111. Veromo, v. 1111111, v. 1111.
190192193194. 196. 239. 240. 17111100, Velim castello su quol di
242. 243. 244 245. 250. 253. 255. Sibonico 14. 16. 242. 243.
256. 258. 260. 272. 274. 275. Venere (tompio di) in Spalato 220.
Tastina, contrado 1101 0111110 di 011- 222. 226.
1110 143. ’ Venerio. 7111011145. 4849. 58. 69.
88. 89. 91. 94. 99. 108. 109. 110.
0111111, 01111 nell' 111111 101101111011110 112. 113. 135. 136141146. 148.
112. 154. 166. 182. 197. 201. 203. 206.
09011110 d’ 0110, 001110 111 spalato 228. 236. 241. 248. 249. 254. 262. 264.
Ulpiano, 0110001010111Ρο1111111111011010 273.
imperatore romano 209. ’ Veneto, Vonoziano, Viniziano 21. 22.
11191111, 011111, 0111111. 11. 11. 11. 15. 11, 65. 60. oo. 73. 74.
24. 75. 108. 109. 128. 133.157. 78. 104. 109. 112. 113.135. 136.
167168169. 171. 172. 173. 174. 141.147.148.168. 163. 210. 227.
175.176.177. 178. 181. 182. 224. 229. 231. 240. 241. 242. 246.
225. 227. 228. 229. 241. 270. Vererer, v. 01100110, v, 0111111110, v.
0119010, Ungarious 14. 23. 108. 125. Thomaso. ,
132. 157. 167. 168171. 177. 1701111111, famigh'a veneta 84. 102.
182. 224. 228. 248. ’ 150191.
Ursino, v. 01111110, Ventura (110), v. Fronooroo.
Uscocoo 21. 22. 36. 41. 52. 54. 62. 1710101111, v. Piero.
Ἰ91. 102. 109,’130.131.137.138. verberim, castello sull' isola 11170-
142.143.144. 145. 157. 161. 189. glia 28. 60. 132. 269.
190191192. 193. 194196. 253. 1711001100, v. 11011010.
270. 272. 7111111000, v. Verzovo.
1711911070, isola 1101 101010 111 Zara
Volaoho'o 179. 180. 143.
701001111171111101111, 10110111 presso Verqr'lr'o Spalatino (0100 Μ1100 Ma·
Sibonioo 27. 28. rulo) 226.

 

